t0 =  1.000000E+00
x0 =  2.000000E+00
y0 =  3.000000E+00
h =  1.000000E+00
tmax =  1.000000E+00


             t             x             y
  1.000000E+00  2.000000E+00  3.000000E+00
